2,1,3
3,2,13
4,12,20
5,24,29
6,8,17
7,15,20
8,24,49
9,32,41
10,48,58
11,24,41
12,40,43
13,36,74
14,30,52
15,34,58
16,65,67
17,39,63
18,50,80
19,120,124
20,69,74
21,52,133
22,119,134
23,139,150
24,82,126
25,163,231
26,69,186
27,98,146
28,88,134
29,116,145
30,128,217
31,139,147
32,123,165
33,145,237
34,87,155
35,144,171
36,237,248
37,246,256
38,127,226
39,103,159
40,173,201
41,137,273
42,167,211
43,143,203
44,193,226
45,158,243
46,266,267
47,144,248
48,181,323
49,268,383
50,168,217
51,203,339
52,199,275
53,382,490
54,303,304
55,219,359
56,175,360
57,230,549
58,344,363
59,265,321
60,443,579
61,420,460
62,259,696
63,320,601
64,279,383
65,316,363
66,243,348
67,437,458
68,321,329
69,205,362
70,307,525
71,249,397
72,247,364
73,216,362
74,243,404
75,289,520
76,430,692
77,336,495
78,313,401
79,298,402
80,386,507
81,393,654
82,283,491
83,342,557
84,457,556
85,430,567
86,344,747
87,375,517
88,649,712
89,566,691
90,578,736
91,543,856
92,408,511
93,358,698
94,535,553
95,447,543
96,411,596
97,360,740
98,603,812
99,498,860
100,470,625
101,419,613
102,638,770
103,464,683
104,399,889
105,497,665
106,442,665
107,451,813
108,519,840
109,374,716
110,664,913
111,589,812
112,637,892
113,1166,1465
114,602,999
115,805,1053
116,592,732
117,524,731
118,573,824
119,540,933
120,777,951
121,732,1002
122,879,1157
123,553,829
124,736,911
125,474,584
126,538,738
127,706,970
128,622,965
129,496,697
130,895,951
131,808,1289
132,859,1081
133,685,817
134,707,1007
135,818,1138
136,744,917
137,717,782
138,1070,1320
139,858,931
140,968,1105
141,592,810
142,987,1626
143,640,1303
144,775,873
145,592,972
146,927,1306
147,737,1231
148,934,985
149,929,1565
150,845,922
151,787,1339
152,822,1128
153,815,1207
154,884,1260
155,943,976
156,773,1092
157,1310,1474
158,762,1113
159,766,1195
160,774,881
161,713,1163
162,604,1076
163,884,1037
164,1007,1279
165,985,1658
166,990,1451
167,904,1112
168,1030,1121
169,862,1005
170,839,1206
171,978,1368
172,1366,1494
173,1167,1301
174,884,1273
175,804,1183
176,1065,1401
177,872,1132
178,1116,1152
179,817,1148
180,1324,1457
181,952,1337
182,833,1420
183,1158,1308
184,1246,1553
185,995,1410
186,1045,1563
187,804,1174
188,727,1129
189,1456,1572
190,970,1720
191,1060,1555
192,1877,2233
193,1201,1349
194,898,1161
195,2265,2560
196,1204,1690
197,1018,1401
198,1444,1730
199,1011,1577
200,1582,1722
201,1183,1808
202,1266,1939
203,1428,1780
204,1113,1595
205,1414,1716
206,932,1417
207,1285,1492
208,1022,2447
209,867,2018
210,1192,1644
211,1335,1801
212,1655,1985
213,1556,1681
214,1031,1737
215,1681,1890
216,1535,1901
217,1117,1375
218,1280,1558
219,1419,1751
220,961,1723
221,1243,1674
222,1494,1584
223,1290,1906
224,1054,1651
225,1418,1692
226,1324,1807
227,1032,1626
228,1176,1384
229,1174,1867
230,2182,2281
231,1632,1848
232,1475,1818
233,1219,1985
234,1447,1850
235,1245,2058
236,1358,1698
237,1364,1604
238,1416,1775
239,1246,1821
240,1298,1676
241,1472,1762
242,1586,2255
243,1754,2265
244,1288,1811
245,1217,1665
246,1610,2264
247,1835,1960
248,1430,1661
249,1669,1928
250,1681,2032
251,1688,2218
252,1397,2171
253,1164,1610
254,1963,2045
255,1985,2300
256,2166,2192
257,2046,2460
258,1534,1748
259,1333,1666
260,1410,1860
261,1232,1841
262,2069,2189
263,2044,2495
264,1676,2449
265,1527,2556
266,1518,1901
267,2954,3407
268,1698,2098
269,1466,2133
270,2173,2695
271,1478,1995
272,2315,2337
273,1293,2336
274,1217,1978
275,1621,1954
276,2300,2992
277,1355,2245
278,1341,2039
279,1587,1749
280,1591,2308
281,2081,2266
282,1803,2528
283,1323,1793
284,1906,2280
285,1836,2314
286,1564,2144
287,1265,2000
288,1712,2068
289,1591,2417
290,1407,1944
291,1753,1969
292,1698,1933
293,1967,3062
294,1706,2439
295,2055,2252
296,1811,2905
297,1637,2448
298,1695,2498
299,1626,2111
300,1427,2847
301,1953,2474
302,1672,2587
303,1753,2634
304,1547,2521
305,1695,2131
306,1837,2527
307,2127,3220
308,1832,2271
309,1857,2574
310,1664,2488
311,2048,2382
312,2793,3560
313,1340,2316
314,2080,2403
315,1527,2630
316,1886,3381
317,2256,2631
318,1700,2540
319,1794,2476
320,2677,2820
321,1977,2551
322,1937,3015
323,1614,2416
324,2394,2828
325,1708,2615
326,2044,2918
327,2517,2859
328,2137,2645
329,2162,2548
330,1826,2347
331,2632,5154
332,1768,3364
333,2643,2803
334,2263,3111
335,2519,3162
336,2922,3203
337,1726,2989
338,2683,3024
339,1723,2496
340,1761,3146
341,2879,2893
342,1830,3318
343,1647,2907
344,2442,3190
345,2387,4199
346,2673,3272
347,3043,4338
348,2754,4239
349,2168,2644
350,2900,3189
351,1821,2322
352,2912,2947
353,2796,3908
354,2536,3409
355,2118,2914
356,2152,2390
357,2490,3062
358,3381,4148
359,2722,3425
360,2516,2938
361,2210,3452
362,2215,3056
363,1959,2363
364,3879,3931
365,1795,3083
366,2050,3031
367,2418,2960
368,2382,3925
369,1791,3355
370,2637,2769
371,2055,2715
372,2095,2983
373,2247,3072
374,1726,2712
375,2132,2669
376,2174,3176
377,2214,2747
378,3651,4079
379,3433,3680
380,1734,2805
381,2315,2824
382,2617,4259
383,3545,3706
384,2075,2998
385,2202,3435
386,2580,3702
387,2413,3712
388,2424,3410
389,2578,3417
390,2366,2518
391,2731,3093
392,3615,4321
393,2776,3220
394,2902,3332
395,1709,2610
396,3819,4284
397,2193,3294
398,2261,4310
399,2383,3641
400,2911,3534
401,2328,3124
402,2498,5077
403,2483,2839
404,1711,2959
405,2337,3589
406,2432,3459
407,2871,2926
408,2042,3126
409,2323,3454
410,2308,4348
411,2754,3389
412,2798,3845
413,2513,3526
414,2324,3196
415,2816,4787
416,1809,3867
417,2116,3255
418,2227,3585
419,2995,3790
420,2895,3138
421,3200,3304
422,3123,3864
423,2175,3659
424,3287,6749
425,2616,3369
426,2485,3601
427,2179,4173
428,2918,3505
429,3991,4589
430,2951,4081
431,2621,3210
432,2387,3891
433,1984,3629
434,3292,3472
435,2537,4470
436,2798,3572
437,2888,3611
438,3026,3791
439,3030,5470
440,2377,4312
441,2788,3510
442,3009,3945
443,2298,3539
444,2334,3566
445,3154,3935
446,2838,3796
447,3308,3897
448,2508,4049
449,2940,3355
450,3085,5145
451,2394,4309
452,2011,4163
453,1984,3946
454,2567,3705
455,2709,3584
456,2847,4151
457,2367,4297
458,3231,3590
459,2860,3289
460,2589,3486
461,2667,3705
462,4819,4869
463,4679,6100
464,2652,3480
465,4098,4660
466,2956,4336
467,2860,4426
468,3141,3556
469,2521,3546
470,3157,4202
471,3230,4506
472,5118,5353
473,3091,3585
474,3541,5722
475,2981,5119
476,3747,4942
477,2759,4535
478,3305,3547
479,3517,6742
480,2851,3673
481,3108,4129
482,3297,4099
483,3688,4114
484,2958,4012
485,2884,3707
486,3327,4435
487,2834,4450
488,3153,3686
489,3838,4253
490,4884,4918
491,3011,3828
492,3105,5516
493,3684,4748
494,2927,4279
495,3644,5002
496,2356,3307
497,3052,3471
498,2930,5614
499,2697,3595
500,3040,3626
501,2909,3689
502,2828,4596
503,3846,4781
504,2946,3456
505,3061,4214
506,3521,4352
507,3340,5515
508,3409,4303
509,4188,4783
510,3199,4068
511,3122,4209
512,3763,3866
513,3778,4363
514,4095,4746
515,3517,4058
516,2949,5330
517,3334,5244
518,3302,4858
519,3821,7097
520,3278,4180
521,4077,4231
522,3542,4168
523,2853,3988
524,3798,4256
525,2675,6320
526,4189,4558
527,3667,4172
528,3374,4868
529,3273,5502
530,3398,5347
531,4999,5034
532,3262,5132
533,4044,5299
534,4153,4635
535,3571,7410
536,3277,4098
537,3382,5091
538,3218,5315
539,3243,4626
540,3351,3888
541,5402,6702
542,3543,4570
543,3550,4853
544,3935,4502
545,4226,4821
546,4580,4662
547,3860,4407
548,3351,4529
549,3379,6832
550,4425,6438
551,2825,4394
552,3115,4710
553,3765,4997
554,5533,6203
555,4489,5139
556,3905,5401
557,2875,5249
558,3061,4585
559,4046,5035
560,4236,4528
561,5046,7269
562,3015,3635
563,3171,4734
564,4543,4780
565,3756,3910
566,3551,4891
567,3228,4904
568,5519,7160
569,3494,5369
570,4494,5065
571,3185,5095
572,4080,4801
573,3837,5128
574,5069,5780
575,4628,5250
576,4076,7110
577,3124,4484
578,5819,7404
579,3975,5992
580,3778,4476
581,4976,5383
582,4224,5346
583,3713,4447
584,4115,4436
585,5619,5752
586,3907,5136
587,3796,4823
588,3846,5346
589,3330,4445
590,5211,6561
591,3713,5431
592,4086,6430
593,3725,6096
594,4458,4615
595,3596,5303
596,4456,5236
597,4713,5294
598,3603,5546
599,4333,5235
600,3863,6914
601,2865,5313
602,3741,5323
603,5186,6223
604,3333,5042
605,3919,5014
606,4147,6964
607,3999,5927
608,3606,4489
609,5134,5414
610,4528,5274
611,4250,5321
612,3857,4693
613,4013,5035
614,5113,6177
615,4349,6739
616,4148,5508
617,3898,5172
618,4185,5852
619,4241,6383
620,3376,5198
621,4246,6015
622,4752,5522
623,3301,4730
624,4053,5775
625,6812,6852
626,5104,5647
627,5915,6154
628,4457,5629
629,4426,5744
630,4111,7235
631,4145,5218
632,5076,6170
633,3177,6228
634,3759,5300
635,5107,6482
636,3926,8117
637,4463,5548
638,6017,6340
639,3335,5098
640,3789,4677
641,3843,6047
642,4387,5394
643,3552,6159
644,4788,5858
645,3718,5778
646,3006,5216
647,5216,6702
648,4080,5297
649,3089,5272
650,4163,5709
651,6202,6537
652,3963,5384
653,4620,5727
654,4180,5362
655,4896,5620
656,4583,5653
657,4497,5194
658,3795,6184
659,5155,5697
660,3254,5703
661,3509,5522
662,4653,6885
663,5486,6234
664,5885,6126
665,5302,5668
666,4600,5770
667,4629,7149
668,4284,8114
669,4200,5437
670,3702,5930
671,4813,5489
672,3703,6143
673,3975,6669
674,5819,7860
675,5519,7136
676,4273,6126
677,4542,5964
678,5131,6612
679,4494,6678
680,4904,5630
681,4536,6320
682,5092,5580
683,4848,5986
684,5681,7624
685,4608,5621
686,5047,5356
687,4605,7742
688,4526,7059
689,4356,6367
690,4038,7516
691,5124,6676
692,5103,6388
693,5029,5685
694,6191,6302
695,6046,6473
696,7209,7217
697,4870,6044
698,4682,6748
699,4458,5359
700,5093,7225
701,6064,7408
702,6577,7532
703,5350,7575
704,3755,6718
705,4618,6779
706,4039,5410
707,5675,6405
708,5221,5793
709,5556,7914
710,4084,5727
711,4422,6988
712,6608,6832
713,4009,5902
714,3685,6717
715,5575,6847
716,3747,6048
717,3921,5484
718,4785,7623
719,6144,7044
720,4500,7148
721,7073,7079
722,4512,6813
723,4937,6823
724,5300,7346
725,4210,6229
726,6168,8226
727,5807,7102
728,6063,11546
729,6380,7730
730,3709,4979
731,4444,6287
732,4706,7649
733,5600,6732
734,4540,5686
735,5601,6306
736,4560,6373
737,5877,7289
738,4489,5599
739,5802,6770
740,6232,7144
741,5548,6318
742,6202,7402
743,4978,7784
744,4912,7800
745,6171,7110
746,5114,6952
747,5848,6041
748,4496,6412
749,5799,8156
750,3981,6658
751,4410,5657
752,5653,7132
753,5336,6913
754,4048,5947
755,5564,7699
756,5564,6632
757,5492,7806
758,6007,6913
759,4743,6408
760,3763,6699
761,4671,6736
762,6483,7444
763,4675,7159
764,5317,7862
765,6482,7598
766,8365,8716
767,7495,8038
768,5273,7076
769,5887,9167
770,6214,6800
771,6173,10785
772,5355,6486
773,4925,6781
774,5249,6414
775,7652,8269
776,6149,6395
777,5237,7658
778,5285,7348
779,4500,6685
780,4719,6406
781,5545,8080
782,4322,5528
783,4844,7195
784,5601,7962
785,4205,6389
786,5409,8182
787,6178,6747
788,6031,7781
789,5014,5881
790,5775,8423
791,5098,6939
792,4972,8052
793,6130,7425
794,6216,10649
795,7303,7737
796,4222,7244
797,4800,5818
798,6867,7262
799,8461,9411
800,5234,6508
801,7283,9036
802,5638,7105
803,6575,7601
804,6035,6818
805,6025,7716
806,6194,8826
807,4880,8690
808,4651,8086
809,5164,7544
810,6941,8904
811,6092,8055
812,7403,8633
813,5154,7747
814,8152,8467
815,8929,9705
816,8025,8683
817,7040,8524
818,7887,9212
819,5251,7427
820,4902,7102
821,8970,9005
822,10845,11686
823,6559,7601
824,5033,7517
825,5519,6794
826,6177,6749
827,7386,8662
828,5446,7519
829,7671,8635
830,4600,6363
831,6404,7935
832,6051,7815
833,5114,8067
834,5446,7368
835,6003,7659
836,5523,8910
837,7407,8976
838,5671,9305
839,6106,7214
840,6349,9598
841,6927,7617
842,7945,9673
843,5419,7375
844,7794,8112
845,4883,8294
846,5592,8637
847,5197,6477
848,6688,7494
849,5779,8441
850,5332,7783
851,5259,11039
852,7430,10166
853,6427,9080
854,6415,8758
855,8042,8065
856,5542,7700
857,6127,8646
858,5197,5912
859,5704,7141
860,5106,7434
861,6032,6917
862,7202,7942
863,6824,7406
864,6575,7800
865,7561,8004
866,6953,7347
867,8385,8664
868,7467,7976
869,5255,8049
870,6030,6676
871,6341,7247
872,5517,7275
873,6771,7558
874,7436,8295
875,6893,7918
876,7448,9042
877,6501,8904
878,5664,7047
879,5553,7960
880,6442,8205
881,5770,7762
882,5774,6865
883,5432,7223
884,5835,7661
885,8790,8910
886,5495,7466
887,7446,8959
888,5661,8980
889,6598,8457
890,6301,7733
891,7576,7843
892,6244,8133
893,5832,8388
894,6202,7504
895,6274,8088
896,5362,8043
897,7843,7922
898,5852,8518
899,5936,7029
900,6496,7467
901,6101,8331
902,7158,8104
903,7270,8410
904,5827,8437
905,4812,7922
906,5897,8932
907,5396,8017
908,6964,7873
909,6540,9935
910,8667,9972
911,8033,8509
912,5238,8594
913,6608,7766
914,5471,7543
915,6436,8079
916,5915,7391
917,4550,7421
918,5738,8767
919,7120,8987
920,6811,7717
921,7110,7848
922,5275,7548
923,6979,8489
924,6641,7788
925,6125,7570
926,7915,9175
927,8007,10310
928,4824,7454
929,6139,9261
930,7632,8779
931,5609,7734
932,4990,9546
933,6583,9370
934,8258,8951
935,6395,8385
936,6358,10765
937,8237,8264
938,5560,8728
939,7173,10413
940,6123,9119
941,6849,9020
942,5892,7633
943,5731,7118
944,7616,11750
945,6390,9516
946,7501,8464
947,8712,9958
948,6438,6990
949,7204,9957
950,5604,9214
951,6599,9049
952,7861,9908
953,7907,10271
954,5622,8657
955,7246,9390
956,6365,10681
957,9651,11562
958,6070,8798
959,6115,9316
960,10604,11271
961,6610,8694
962,6751,8470
963,6388,9147
964,8041,11567
965,6286,14709
966,8845,11046
967,7598,11414
968,7099,8694
969,8497,8566
970,6403,9470
971,6122,8938
972,7342,9540
973,7361,8078
974,5871,10227
975,6845,10290
976,6609,9674
977,7396,8461
978,5924,9292
979,6177,8810
980,7101,8625
981,5571,8051
982,9943,10788
983,7189,9663
984,10952,11714
985,8059,9974
986,6592,11330
987,7024,8296
988,7046,9963
989,6478,10709
990,6446,8819
991,9150,10786
992,6065,9372
993,7616,8046
994,8259,8676
995,6661,11169
996,6225,8724
997,5722,9436
998,7867,10042
999,7333,8376
1000,6756,9006
1001,8036,9898
1002,7852,9558
1003,6139,9348
1004,6969,10653
1005,8065,9125
1006,7513,9321
1007,7146,9151
1008,7039,9004
1009,8780,11571
1010,7966,9351
1011,6533,8815
1012,6859,9962
1013,8043,9655
1014,6510,10775
1015,9858,10505
1016,10996,11306
1017,8896,9070
1018,6247,9206
1019,7686,12310
1020,7539,10474
1021,7978,12477
1022,6268,9268
1023,6598,10486
1024,6991,8635
1025,7603,11649
1026,8254,12451
1027,7592,9122
1028,9924,11392
1029,9449,11034
1030,9007,10699
1031,7908,9345
1032,6763,9130
1033,7349,8229
1034,8700,11373
1035,10438,11658
1036,6249,9450
1037,7164,9645
1038,7483,9577
1039,6869,10219
1040,7823,9666
1041,8615,11186
1042,6585,8654
1043,8595,10943
1044,7261,9855
1045,7998,8469
1046,10288,11101
1047,5468,9691
1048,7601,9864
1049,8044,10287
1050,7650,8353
1051,10888,12249
1052,8326,9250
1053,7414,8348
1054,6124,9046
1055,7678,9474
1056,6071,8788
1057,11737,13208
1058,7074,9437
1059,7084,10012
1060,8754,10466
1061,8731,12679
1062,6681,9126
1063,7104,9982
1064,6637,10394
1065,7188,8918
1066,7474,12220
1067,6172,9885
1068,8182,11141
1069,10306,10720
1070,7735,10858
1071,8659,10384
1072,8186,8951
1073,7915,9824
1074,8075,8611
1075,8242,11535
1076,9884,11632
1077,9507,10147
1078,7418,8586
1079,7787,11053
1080,7593,10559
1081,7739,10385
1082,8479,10159
1083,8496,11140
1084,7132,11417
1085,9100,10353
1086,7825,12031
1087,7849,10162
1088,6074,12041
1089,8625,10530
1090,8608,10394
1091,8060,9579
1092,7339,10880
1093,7023,11432
1094,7708,9850
1095,7809,10137
1096,9431,12037
1097,6550,9459
1098,7150,9659
1099,7147,12294
1100,8776,10149
1101,8086,10345
1102,9603,10593
1103,7710,10555
1104,6966,10127
1105,8456,11441
1106,7648,8184
1107,7168,9129
1108,6718,11979
1109,9614,11474
1110,10245,12446
1111,9863,11090
1112,10693,10797
1113,10421,11267
1114,7934,11982
1115,9335,13210
1116,7174,10179
1117,7255,8496
1118,7521,11920
1119,7014,9886
1120,6669,10698
1121,9392,9621
1122,8534,10070
1123,8605,10588
1124,9854,12927
1125,8548,11117
1126,11448,11822
1127,7032,12114
1128,6250,10343
1129,9582,11263
1130,7959,11338
1131,12083,15695
1132,9023,10236
1133,6892,12689
1134,6922,10953
1135,7776,11236
1136,8338,11851
1137,7691,11189
1138,8679,10642
1139,6838,11602
1140,7282,8220
1141,9795,11682
1142,14118,16464
1143,13974,15290
1144,8094,11224
1145,9069,9970
1146,8155,10972
1147,8417,11063
1148,8406,12976
1149,12453,12548
1150,8578,12883
1151,12872,14399
1152,9429,12241
1153,8383,12402
1154,10562,12287
1155,7279,10666
1156,8158,11581
1157,8489,12717
1158,9660,10404
1159,13110,15328
1160,9959,11711
1161,8981,10971
1162,9309,10773
1163,11010,11236
1164,10798,12527
1165,8274,9825
1166,7610,10542
1167,7291,9499
1168,10105,11866
1169,8784,10462
1170,7867,11260
1171,8254,10287
1172,8546,12621
1173,7179,9280
1174,9213,12186
1175,9789,13438
1176,7313,9525
1177,10472,11840
1178,7194,10150
1179,8296,12392
1180,9842,13263
1181,13368,14909
1182,8546,9751
1183,8751,11988
1184,10109,10664
1185,9089,10505
1186,9312,15110
1187,9106,11214
1188,13839,14715
1189,10078,11353
1190,8485,17245
1191,11954,15494
1192,8370,11273
1193,14842,14960
1194,8250,9328
1195,9553,10985
1196,9726,10428
1197,8548,10458
1198,9767,15417
1199,9788,13753
1200,8498,15101
1201,10497,13961
1202,9026,11480
1203,9441,12290
1204,8247,11467
1205,9238,15393
1206,9324,14203
1207,7635,8732
1208,7155,10609
1209,8174,10708
1210,7429,11404
1211,8587,10878
1212,9068,10963
1213,14003,14066
1214,7761,9963
1215,8221,11983
1216,8238,11649
1217,9918,11594
1218,7722,11216
1219,10709,11091
1220,8368,11700
1221,10957,12345
1222,9917,12049
1223,7935,12425
1224,8007,13110
1225,7936,15472
1226,9511,11805
1227,11167,12342
1228,12795,13511
1229,11209,12614
1230,8162,15633
1231,9007,11431
1232,12670,14131
1233,7143,11259
1234,9085,11016
1235,9571,10745
1236,7850,11541
1237,9837,11447
1238,11494,17265
1239,9575,12333
1240,9057,11558
1241,9057,11733
1242,13025,13434
1243,12599,12983
1244,9505,10812
1245,9382,12036
1246,11365,16053
1247,9605,11174
1248,10253,13249
1249,8895,10999
1250,10397,12081
1251,12344,13564
1252,8956,11718
1253,8173,19013
1254,12244,12245
1255,8335,12243
1256,10994,11702
1257,8856,11804
1258,12757,12878
1259,12109,13036
1260,9213,13439
1261,10879,11865
1262,7283,12172
1263,11654,13181
1264,8307,12017
1265,8739,12603
1266,13723,14639
1267,8464,11790
1268,11562,14238
1269,8220,10731
1270,12126,15340
1271,13585,13736
1272,12359,13995
1273,6776,12503
1274,10036,12327
1275,7238,9311
1276,9946,11503
1277,8759,13557
1278,8910,10648
1279,7818,10877
1280,8626,12744
1281,10382,12248
1282,9562,17534
1283,10453,14273
1284,9622,10994
1285,10120,11125
1286,13593,15903
1287,9615,12207
1288,9188,13135
1289,8324,10449
1290,8154,13994
1291,8420,15544
1292,8947,11966
1293,10357,11365
1294,9451,14833
1295,12411,13648
1296,9800,13266
1297,7053,12272
1298,10598,14122
1299,9022,12706
1300,12423,14593
1301,9195,13015
1302,8995,11047
1303,11745,12497
1304,9085,13858
1305,10003,14573
1306,8365,10604
1307,9248,10641
1308,9026,12008
1309,11064,13251
1310,14767,18578
1311,9807,11232
1312,8755,9877
1313,8054,12453
1314,9334,12257
1315,9418,12176
1316,13866,16143
1317,9236,13096
1318,8810,15549
1319,8530,14325
1320,12838,13800
1321,11806,13387
1322,7934,14225
1323,10421,12499
1324,10779,15988
1325,11688,13072
1326,8917,12923
1327,11272,14111
1328,8896,15044
1329,11807,12843
1330,11199,12732
1331,8946,17649
1332,7899,11227
1333,9181,11778
1334,9734,12426
1335,9979,14204
1336,11538,13650
1337,9232,12038
1338,14213,15214
1339,8376,11326
1340,11072,12162
1341,8914,13355
1342,9443,12454
1343,11420,12455
1344,8763,13452
1345,13683,14745
1346,13217,14315
1347,8707,14747
1348,8182,11510
1349,12109,12450
1350,11690,15254
1351,11103,16220
1352,11474,14730
1353,8290,12996
1354,11282,15965
1355,7734,11381
1356,16106,17736
1357,9253,13806
1358,11239,14952
1359,8367,11467
1360,12227,15920
1361,9198,14030
1362,11137,13452
1363,9794,10981
1364,14880,16081
1365,10087,13679
1366,11927,15150
1367,8692,15288
1368,7924,13300
1369,11523,13369
1370,10135,16091
1371,11598,13598
1372,12217,14498
1373,8682,11314
1374,8994,17805
1375,8106,12546
1376,9605,19261
1377,12588,13108
1378,14106,15572
1379,10534,13785
1380,16526,19554
1381,11556,13810
1382,13775,13882
1383,14477,15280
1384,12420,15143
1385,9598,16615
1386,12961,15825
1387,14302,14574
1388,10697,13702
1389,13595,13599
1390,10144,11889
1391,9724,12999
1392,8622,12689
1393,12134,16481
1394,10727,11979
1395,8289,12669
1396,9044,15266
1397,9894,12118
1398,8370,13203
1399,11451,12184
1400,12006,14291
1401,10989,13156
1402,11931,14992
1403,10838,13203
1404,12223,16503
1405,11254,14442
1406,14985,17678
1407,9415,16597
1408,10335,12220
1409,11722,13996
1410,13589,14437
1411,10313,11946
1412,11895,14468
1413,13724,15800
1414,12126,12213
1415,9339,14005
1416,10980,18186
1417,10117,16455
1418,11764,15799
1419,10456,14105
1420,8319,16066
1421,10143,13485
1422,10347,13360
1423,10154,14231
1424,13205,14740
1425,17501,20429
1426,8859,13365
1427,13462,16737
1428,13163,14231
1429,12721,13295
1430,9208,12983
1431,13820,16285
1432,12281,14540
1433,11591,12135
1434,10964,13693
1435,10080,13040
1436,19517,19736
1437,12041,13706
1438,10116,12869
1439,8722,13555
1440,10599,12833
1441,12706,13874
1442,9310,13846
1443,11321,13348
1444,10839,15697
1445,10587,14234
1446,10036,12373
1447,11606,14101
1448,11545,13921
1449,13889,17503
1450,11009,14856
1451,12325,16412
1452,17212,19653
1453,10436,21224
1454,11383,17938
1455,9545,15758
1456,11269,12944
1457,10096,13477
1458,10311,14695
1459,11340,15285
1460,13498,17075
1461,17189,17245
1462,12073,12769
1463,12335,15161
1464,13084,16100
1465,10743,15207
1466,10615,13646
1467,11022,13982
1468,12021,13868
1469,11700,13374
1470,11817,17110
1471,11607,13822
1472,14770,15551
1473,12985,18960
1474,13028,13157
1475,9304,12559
1476,12047,13100
1477,13484,20156
1478,12270,14726
1479,10587,17545
1480,12497,13778
1481,10995,16769
1482,11053,12960
1483,12187,16407
1484,10686,16002
1485,9392,13144
1486,11668,14308
1487,8832,18348
1488,12599,16073
1489,13885,14914
1490,10354,13861
1491,10878,15992
1492,11884,16585
1493,9834,18671
1494,9465,16019
1495,10690,13844
1496,9110,19315
1497,12726,15920
1498,10652,13327
1499,13346,14411
1500,11604,18107
1501,16628,17538
1502,13409,15750
1503,12491,15240
1504,10121,16024
1505,10680,13134
1506,11066,13938
1507,12898,14209
1508,13170,14424
1509,12246,13911
1510,11534,14100
1511,12771,14227
1512,11211,14100
1513,12436,16500
1514,12008,17610
1515,11856,15352
1516,10941,15651
1517,13717,14718
1518,10279,14064
1519,12992,15445
1520,11959,13363
1521,13575,16432
1522,13794,15317
1523,13233,14157
1524,11462,15375
1525,11176,16908
1526,12112,15953
1527,16137,20082
1528,10011,12785
1529,11165,16759
1530,13654,15685
1531,18013,20384
1532,8239,16190
1533,10620,13426
1534,11611,15642
1535,11172,13436
1536,9822,14514
1537,13601,15322
1538,12842,15049
1539,10897,15312
1540,14777,15150
1541,14200,17275
1542,12421,17277
1543,11344,16098
1544,12510,15082
1545,13113,14687
1546,9303,13000
1547,14054,16898
1548,11386,15020
1549,9568,13176
1550,11658,15034
1551,8918,14097
1552,10785,12767
1553,10286,12205
1554,11397,14283
1555,10247,18808
1556,10445,16295
1557,12276,15177
1558,14446,14909
1559,9923,26957
1560,12004,13266
1561,10841,14283
1562,13536,17064
1563,16441,17850
1564,12760,17194
1565,12483,14356
1566,12437,18126
1567,12665,19428
1568,14215,15641
1569,10046,18558
1570,11317,14176
1571,18831,19138
1572,11441,14373
1573,11812,14402
1574,14248,18951
1575,9075,14856
1576,18628,19386
1577,12456,18687
1578,13834,19058
1579,12447,17352
1580,10148,16601
1581,11357,20849
1582,13054,18453
1583,12836,18208
1584,10361,18543
1585,12034,15122
1586,13630,15699
1587,20274,21455
1588,11786,18134
1589,13373,14738
1590,12191,18046
1591,10327,16858
1592,14443,17547
1593,9228,14290
1594,12490,15842
1595,12441,19261
1596,10253,14394
1597,14400,16907
1598,10559,14607
1599,13865,14095
1600,13254,16026
1601,13220,16935
1602,13131,14321
1603,16550,18262
1604,10040,23833
1605,15350,16573
1606,17730,18401
1607,13230,17654
1608,11344,15430
1609,10403,14933
1610,12655,16762
1611,12314,21361
1612,14481,18257
1613,13418,15992
1614,15584,15946
1615,13313,22062
1616,13877,15779
1617,9625,14611
1618,11967,14425
1619,10757,15212
1620,10178,13994
1621,12917,14979
1622,12790,14371
1623,12921,23759
1624,12134,15738
1625,11689,16992
1626,11317,14348
1627,10732,14761
1628,12321,15345
1629,12636,14253
1630,11736,14455
1631,15168,19678
1632,12492,14587
1633,13650,13652
1634,12364,15188
1635,11576,15738
1636,10300,21457
1637,16642,23322
1638,12795,18394
1639,12671,16328
1640,13039,14814
1641,15257,18407
1642,14984,16789
1643,12128,18226
1644,15147,20666
1645,13424,19142
1646,10067,15321
1647,11186,16856
1648,13628,15401
1649,11323,16405
1650,11050,16651
1651,12155,17231
1652,11256,18758
1653,13487,19983
1654,11563,14613
1655,11867,16763
1656,10787,17026
1657,12306,18209
1658,12052,17143
1659,15208,16669
1660,12970,16870
1661,11678,16435
1662,12103,18203
1663,13067,17515
1664,16771,18603
1665,12548,13812
1666,10965,15764
1667,11544,15356
1668,11964,15734
1669,9913,15172
1670,14948,20190
1671,13453,14803
1672,13014,17265
1673,12018,16529
1674,14208,20046
1675,12424,16320
1676,15639,17788
1677,12367,16896
1678,12476,15688
1679,16208,16594
1680,14880,16721
1681,13394,15820
1682,12180,14650
1683,13895,19449
1684,16136,16498
1685,17108,18170
1686,12854,17484
1687,12609,17344
1688,13074,16527
1689,12996,17640
1690,13618,18213
1691,11500,16165
1692,13000,16202
1693,11791,19129
1694,14674,19898
1695,12411,14355
1696,12257,14913
1697,13489,18698
1698,10675,17348
1699,11981,15158
1700,10427,19517
1701,17528,20411
1702,15225,15548
1703,17573,19979
1704,10519,13820
1705,12097,18100
1706,15636,16340
1707,17486,18928
1708,11083,15262
1709,12326,19621
1710,12155,16669
1711,18079,18893
1712,12821,15886
1713,11144,15794
1714,10625,17255
1715,12784,17519
1716,14760,19592
1717,11444,16012
1718,15248,18480
1719,12276,13921
1720,12732,17217
1721,13824,15437
1722,12619,18807
1723,12262,17843
1724,13736,14219
1725,19268,19611
1726,14319,17257
1727,14824,18601
1728,12843,15183
1729,14092,15692
1730,15191,19006
1731,13137,23803
1732,11535,14905
1733,15155,15580
1734,11750,17183
1735,15611,22914
1736,14537,18892
1737,14516,18006
1738,22259,22364
1739,13342,15225
1740,14230,24151
1741,14068,17288
1742,14732,19350
1743,14212,19133
1744,13419,22153
1745,15944,18416
1746,11626,15555
1747,14540,17062
1748,12172,14960
1749,14576,18240
1750,18859,21022
1751,12777,17312
1752,12824,14833
1753,14000,19256
1754,13627,17049
1755,17795,20668
1756,12430,17393
1757,15504,17206
1758,12866,18858
1759,14966,19080
1760,25279,26298
1761,14171,16022
1762,15580,19812
1763,14414,17154
1764,14666,18599
1765,13010,18080
1766,13818,16333
1767,12742,16918
1768,14587,16709
1769,14176,18737
1770,14458,19995
1771,14196,19342
1772,16355,18833
1773,13206,21734
1774,21895,22335
1775,18002,21789
1776,12512,17013
1777,12356,14460
1778,17613,20648
1779,14497,22108
1780,12371,15840
1781,11147,15519
1782,11830,22001
1783,11806,20745
1784,15433,20606
1785,16626,16698
1786,15477,18463
1787,12541,18268
1788,15630,18854
1789,15468,17477
1790,14674,18879
1791,13695,16543
1792,17253,18085
1793,18059,18654
1794,12629,19597
1795,14696,16442
1796,12935,18310
1797,14042,15315
1798,12971,16062
1799,13407,16749
1800,11726,18400
1801,12841,20268
1802,14547,20618
1803,11706,20717
1804,12550,24166
1805,16688,18749
1806,15283,20163
1807,17089,21704
1808,19192,19433
1809,17246,22402
1810,20505,22811
1811,10527,15167
1812,15378,17015
1813,15535,18883
1814,14735,18887
1815,13770,17121
1816,13801,20272
1817,11298,19438
1818,20518,24523
1819,17266,20453
1820,16951,24736
1821,19694,21375
1822,15981,21804
1823,17383,18251
1824,13371,17951
1825,12620,14989
1826,13996,17942
1827,12757,18699
1828,10508,17331
1829,15898,19269
1830,17254,19544
1831,14209,18374
1832,12573,18033
1833,14488,20937
1834,13761,22987
1835,13647,19220
1836,14182,17471
1837,11080,14598
1838,16549,21305
1839,15718,18408
1840,15656,23598
1841,14098,21028
1842,15529,17902
1843,15780,22318
1844,14251,18657
1845,14146,17566
1846,13539,16663
1847,12465,16788
1848,19182,21318
1849,28022,28982
1850,16990,19273
1851,15483,19934
1852,18293,21582
1853,16247,18763
1854,13631,21289
1855,14852,20202
1856,17771,18492
1857,19483,22896
1858,13090,18411
1859,12269,20716
1860,19831,20175
1861,17883,20908
1862,14581,19482
1863,14014,19447
1864,14719,17225
1865,14455,16208
1866,17327,18853
1867,13902,17908
1868,20351,25422
1869,16181,17598
1870,14908,17649
1871,12736,18411
1872,15463,19425
1873,13560,18428
1874,15633,21559
1875,13720,15986
1876,15281,16409
1877,14284,16051
1878,14405,20018
1879,13511,16568
1880,12173,18025
1881,15945,19485
1882,13296,16947
1883,11443,19751
1884,13758,17361
1885,14640,19959
1886,15425,16322
1887,13751,22704
1888,19594,22136
1889,14781,21029
1890,22101,23403
1891,13782,19251
1892,15242,16754
1893,16759,19645
1894,17616,22002
1895,15620,21531
1896,20682,21484
1897,15486,19301
1898,16248,18698
1899,13561,18253
1900,14713,19072
1901,15294,18384
1902,15183,18492
1903,14982,16369
1904,12670,17977
1905,19152,22992
1906,12415,19684
1907,14121,17055
1908,14381,20116
1909,14564,20895
1910,18134,22601
1911,15031,18547
1912,13763,23786
1913,16046,19971
1914,21000,22645
1915,13875,20567
1916,22622,24673
1917,20532,21383
1918,13577,17093
1919,17491,20869
1920,12908,18514
1921,19865,21093
1922,12684,19044
1923,21337,21880
1924,12492,19528
1925,17430,20239
1926,18473,19613
1927,17057,18500
1928,19409,22734
1929,16728,24969
1930,16074,18519
1931,14098,22618
1932,16860,19095
1933,14572,16375
1934,15246,23990
1935,12355,19735
1936,15656,21077
1937,15063,20475
1938,16627,21927
1939,14479,19104
1940,14672,21078
1941,15751,18948
1942,14801,23328
1943,11399,16232
1944,12293,20145
1945,14774,19203
1946,14501,19000
1947,15597,23355
1948,14899,22562
1949,21412,21820
1950,16155,32828
1951,21570,24539
1952,28828,32571
1953,14680,17160
1954,14997,17267
1955,13472,20889
1956,17567,19095
1957,12874,19874
1958,21740,24799
1959,16024,18898
1960,14176,18616
1961,13863,20277
1962,14285,17126
1963,20633,20650
1964,16103,19404
1965,16583,17796
1966,19102,26064
1967,13387,18092
1968,13421,22081
1969,16911,21029
1970,13056,27321
1971,15350,19259
1972,15984,19754
1973,14234,16831
1974,15951,22649
1975,18367,25885
1976,24049,25236
1977,18757,19234
1978,17246,18439
1979,14088,21893
1980,17747,19215
1981,15524,24275
1982,16035,21604
1983,17579,22684
1984,17884,22408
1985,16633,21977
1986,16181,20500
1987,14632,20774
1988,14713,25138
1989,18754,18805
1990,12171,16356
1991,15312,18548
1992,13379,17640
1993,14913,21105
1994,19233,20063
1995,14424,17485
1996,17135,21586
1997,19890,22499
1998,18302,20640
1999,15180,22241
